16
8
-21.867999 13.299999
21.339999 13.533333
21.251999 -13.206666
-21.867999 -13.253333
-21.867999 -13.813333
21.779999 -13.719999
21.779999 13.859999
-21.955999 13.766666
6 7 1
6 1 2
2 3 5
6 2 5
7 0 1
3 4 5
4
-21.955999 -13.439999
-21.075999 -13.533333
-21.075999 13.393333
-21.955999 13.486666
2 0 1
2 3 0
31
-21.119999 -10.733333
-19.139999 -11.013333
-15.884000 -10.966666
-14.388000 -11.106666
-11.704000 -11.106666
-9.152000 -11.060000
-7.260000 -10.826666
-4.532000 -10.360000
-2.860000 -9.660000
-1.320000 -9.240000
0.352000 -8.726666
2.288000 -8.680000
4.224000 -9.193333
5.456000 -9.706666
7.304000 -10.360000
9.064000 -10.546666
9.636000 -10.033333
8.888000 -9.800000
7.304000 -9.473333
5.324000 -8.680000
2.772000 -8.073333
0.176000 -7.793333
-1.452000 -8.120000
-4.224000 -9.193333
-6.160000 -9.706666
-8.580000 -10.126666
-11.484000 -10.173333
-14.256000 -10.126666
-16.764000 -10.126666
-19.139999 -10.220000
-21.119999 -9.893333
22 20 21
22 19 20
11 19 22
10 11 22
23 10 22
19 11 12
19 12 18
23 9 10
24 8 9
24 9 23
8 24 25
26 29 7
25 26 7
8 25 7
26 28 29
0 7 29
0 29 30
0 6 7
1 2 6
1 6 0
2 5 6
3 4 5
3 5 2
26 27 28
13 18 12
13 17 18
14 16 17
14 17 13
14 15 16
8
15.884000 0.653333
15.092000 -0.326667
14.520000 -1.493333
14.344000 -2.986667
15.180000 -3.080000
15.840000 -2.146667
16.280000 -0.886667
16.412000 0.466667
1 7 0
1 6 7
2 6 1
2 5 6
3 5 2
3 4 5
34
-2.772000 -5.226666
-1.980000 -4.713333
-0.968000 -4.713333
0.924000 -4.433333
2.772000 -4.573333
5.016000 -4.946666
7.128000 -5.553333
8.932000 -6.253333
11.704000 -7.140000
14.168000 -8.120000
16.983999 -9.473333
18.831999 -10.640000
20.239999 -11.666666
21.207999 -11.946666
21.207999 -11.386666
20.459999 -10.873333
18.831999 -9.986666
17.291999 -8.960000
15.884000 -8.213333
13.992000 -7.326666
11.484000 -6.346666
8.536000 -5.506666
6.732000 -4.853333
3.872000 -4.246666
2.332000 -3.873333
-0.704000 -3.826666
-3.168000 -4.386666
-4.400000 -5.180000
-5.764000 -6.440000
-6.424000 -6.953333
-5.852000 -7.280000
-5.060000 -6.813333
-4.180000 -6.440000
-3.168000 -5.413333
26 23 24
26 24 25
23 26 3
23 3 4
23 4 22
1 2 3
1 3 26
27 1 26
5 22 4
5 21 22
6 21 5
21 6 7
21 7 20
8 20 7
8 19 20
9 19 8
9 18 19
10 17 18
10 18 9
10 16 17
11 16 10
11 15 16
12 14 15
12 15 11
12 13 14
27 0 1
28 32 33
28 33 0
28 0 27
28 31 32
29 31 28
29 30 31
30
-1.232000 2.053333
-0.352000 3.173333
0.836000 4.013333
2.288000 4.433333
4.488000 4.760000
6.864000 4.806666
9.372000 5.226666
12.012000 5.833333
14.124000 6.486666
16.500000 7.653333
18.303999 9.146666
19.887999 10.500000
21.031999 11.993333
21.339999 12.833333
21.251999 13.346666
20.547999 12.413333
19.711999 11.386666
18.919999 10.500000
17.819999 9.520000
16.192000 8.820000
15.048000 7.746666
13.552000 7.280000
12.012000 6.766666
9.724000 6.020000
7.656000 5.833333
4.444000 5.926666
2.772000 5.273333
0.176000 4.620000
-1.100000 3.640000
-1.672000 2.286667
15 13 14
15 12 13
16 12 15
16 11 12
17 11 16
11 17 18
11 18 10
19 10 18
10 19 20
10 20 9
21 9 20
9 21 22
9 22 8
23 8 22
23 7 8
24 7 23
7 24 26
7 26 6
24 25 26
4 5 6
27 4 6
27 6 26
27 3 4
28 2 3
28 3 27
28 1 2
29 1 28
29 0 1
17
-2.068000 9.660000
-6.380000 7.373333
-10.472000 4.106666
-11.704000 0.980000
-11.660000 -1.026667
-10.912000 -1.540000
-10.604000 -1.073333
-10.912000 -0.373333
-11.044000 0.700000
-10.824000 2.193333
-9.988000 3.500000
-9.020000 4.433333
-7.260000 5.460000
-5.852000 6.440000
-4.180000 7.653333
-3.080000 7.840000
-1.980000 8.820000
1 14 15
1 15 16
1 16 0
1 13 14
2 11 12
2 12 13
2 13 1
2 10 11
3 9 10
3 10 2
3 8 9
4 7 8
4 8 3
4 6 7
4 5 6
32
13.640000 4.433333
12.628000 3.873333
11.704000 2.100000
11.132000 0.420000
11.044000 -1.353333
11.352000 -3.033333
11.924000 -4.153333
13.244000 -4.853333
15.312000 -5.273333
16.720000 -5.366666
18.039999 -5.180000
17.731999 -4.853333
16.324000 -4.760000
14.168000 -4.433333
12.628000 -3.733333
12.144000 -2.940000
11.924000 -1.353333
11.924000 0.326667
12.188000 2.333333
13.024000 3.406667
14.212000 3.780000
15.400000 3.780000
17.247999 3.406667
18.611999 2.380000
19.007999 1.680000
19.139999 -0.326667
18.963999 -1.213333
19.271999 -1.493333
19.887999 0.466667
19.579999 2.380000
18.259999 3.733333
15.884000 4.293333
1 31 0
31 1 21
31 21 30
2 18 19
20 21 1
19 20 1
2 19 1
22 30 21
22 29 30
23 29 22
29 23 24
29 24 28
25 28 24
28 25 26
28 26 27
18 2 3
18 3 17
4 16 17
4 17 3
4 15 16
5 15 4
5 14 15
6 14 5
6 13 14
7 11 12
7 12 13
7 13 6
7 10 11
8 10 7
8 9 10
36
-21.119999 -7.280000
-19.799999 -6.953333
-17.819999 -7.046666
-16.060000 -6.766666
-13.156000 -6.346666
-11.704000 -6.020000
-10.032000 -5.273333
-8.624000 -4.666666
-7.304000 -3.780000
-5.984000 -2.940000
-4.224000 -2.006667
-2.640000 -1.400000
-0.880000 -1.120000
1.452000 -1.120000
2.816000 -1.213333
4.576000 -1.913333
6.292000 -2.333333
6.908000 -1.960000
6.336000 -1.726667
4.488000 -1.120000
2.904000 -0.606667
0.704000 -0.420000
-1.232000 -0.280000
-2.772000 -0.513333
-4.532000 -1.073333
-6.292000 -1.820000
-7.964000 -2.706667
-9.064000 -3.640000
-10.648000 -4.386666
-12.100000 -5.040000
-13.860000 -5.413333
-15.928000 -6.020000
-17.203999 -6.300000
-19.315999 -6.253333
-20.635999 -6.486666
-21.119999 -6.440000
3 1 2
1 3 34
0 1 34
0 34 35
4 34 3
34 4 32
34 32 33
5 31 32
5 32 4
5 30 31
6 30 5
6 29 30
7 29 6
7 28 29
8 28 7
8 27 28
9 27 8
9 26 27
10 26 9
10 25 26
11 25 10
25 11 12
13 19 24
12 13 24
25 12 24
19 13 14
19 14 18
20 24 19
20 23 24
21 23 20
21 22 23
15 18 14
15 17 18
15 16 17
14
-21.075999 1.353333
-19.315999 1.726667
-17.247999 1.866667
-15.576000 2.566667
-13.904000 3.593333
-13.244000 4.713333
-12.496000 6.113333
-12.936000 6.440000
-13.948000 4.806666
-14.740000 3.826666
-16.456000 2.986667
-18.435999 2.333333
-20.063999 2.286667
-21.119999 2.193333
8 6 7
8 5 6
9 5 8
9 4 5
10 4 9
10 3 4
11 3 10
11 12 13
11 13 2
3 11 2
1 2 13
0 1 13
18
-19.447999 -0.466667
-18.347999 -0.466667
-16.983999 -0.793333
-15.928000 -1.400000
-15.708000 -2.240000
-16.016000 -3.126667
-16.983999 -3.640000
-18.523999 -3.640000
-19.359999 -3.593333
-19.667999 -4.013333
-18.963999 -4.293333
-17.335999 -4.246666
-15.488000 -3.920000
-14.828000 -3.033333
-14.916000 -1.353333
-15.840000 -0.280000
-17.643999 0.046667
-18.875999 0.046667
11 9 10
12 9 11
9 12 7
9 7 8
13 5 6
6 7 12
13 6 12
13 4 5
14 3 4
14 4 13
14 2 3
15 1 2
15 2 14
0 1 15
0 15 17
15 16 17
10
4.136000 13.393333
3.608000 12.179999
2.684000 9.566666
2.332000 8.026666
2.948000 7.700000
3.476000 7.933333
3.916000 9.286666
4.048000 10.640000
4.356000 12.273333
4.796000 13.486666
0 8 9
1 8 0
1 7 8
2 7 1
2 6 7
3 6 2
3 5 6
3 4 5
7
-11.396000 13.346666
-10.824000 10.033333
-10.032000 8.306666
-9.284000 8.306666
-9.460000 9.380000
-10.120000 11.339999
-10.824000 13.393333
0 5 6
1 5 0
1 4 5
2 3 4
2 4 1
10
-17.687999 6.113333
-15.708000 7.046666
-14.476000 8.633333
-13.508000 10.780000
-14.036000 11.386666
-14.740000 11.433333
-15.180000 10.546666
-15.400000 9.006666
-16.720000 7.513333
-18.215999 6.626666
1 9 0
1 8 9
2 8 1
2 7 8
3 6 7
3 7 2
6 3 4
6 4 5
7
9.416000 11.759999
8.184000 10.500000
8.096000 8.680000
9.196000 7.933333
10.736000 8.400000
11.572000 9.753333
10.296000 11.806666
6 0 1
6 1 5
2 5 1
2 4 5
2 3 4
4
-5.588000 3.686667
-6.600000 2.426667
-5.984000 1.400000
-4.488000 2.380000
1 3 0
1 2 3

3
30 19.0 12.4 1.1
20 -17.0  9.0 1.1
10 -17 -2.2 1.1


0.23 0 -11
