10
8
-21.867999 13.299999
21.339999 13.533333
21.251999 -13.206666
-21.867999 -13.253333
-21.867999 -13.813333
21.779999 -13.719999
21.779999 13.859999
-21.955999 13.766666
6 7 1
6 1 2
2 3 5
6 2 5
7 0 1
3 4 5
4
-21.955999 -13.439999
-21.075999 -13.533333
-21.075999 13.393333
-21.955999 13.486666
2 0 1
2 3 0
42
-13.024000 -4.666666
-13.376000 -3.360000
-13.464000 -1.633333
-13.244000 -0.046667
-12.364000 1.540000
-11.088000 2.053333
-9.460000 2.053333
-8.360000 1.540000
-7.744000 -0.840000
-7.392000 -3.126667
-7.392000 -3.966666
-8.052000 -5.460000
-9.284000 -6.300000
-11.220000 -7.000000
-13.288000 -7.280000
-14.828000 -7.466666
-15.664000 -6.720000
-16.280000 -5.273333
-16.588000 -3.780000
-16.807999 -2.473333
-17.115999 -2.006667
-17.423999 -2.100000
-17.423999 -3.220000
-16.939999 -5.366666
-16.148000 -7.280000
-15.488000 -8.166666
-13.068000 -8.306666
-10.692000 -7.840000
-8.448000 -6.953333
-7.304000 -5.693333
-6.908000 -4.200000
-6.688000 -1.913333
-7.040000 -0.046667
-7.480000 1.820000
-8.624000 2.706667
-9.988000 2.753333
-11.528000 2.753333
-12.760000 2.333333
-13.508000 1.306667
-14.256000 -0.606667
-14.168000 -2.566667
-13.640000 -4.853333
21 19 20
22 19 21
22 18 19
23 17 18
23 18 22
23 16 17
24 16 23
24 15 16
25 27 15
25 15 24
28 13 14
28 14 15
28 15 27
25 26 27
28 12 13
29 12 28
29 11 12
30 11 29
30 10 11
31 9 10
31 10 30
31 8 9
32 8 31
32 7 8
33 7 32
33 6 7
34 37 6
34 6 33
38 4 5
5 6 37
38 5 37
34 36 37
34 35 36
38 3 4
39 3 38
39 2 3
40 2 39
40 1 2
41 0 1
41 1 40
62
-14.168000 5.180000
-12.936000 5.506666
-9.988000 5.833333
-6.512000 5.226666
-4.224000 2.426667
-3.388000 -0.466667
-3.564000 -3.546667
-4.048000 -6.626666
-5.148000 -8.260000
-6.380000 -9.893333
-5.280000 -10.780000
-2.508000 -11.386666
-0.440000 -11.619999
1.364000 -11.013333
2.068000 -10.033333
2.244000 -7.793333
0.616000 -4.993333
-0.220000 -3.826666
-0.132000 -2.286667
-0.044000 -0.933333
0.572000 0.466667
2.156000 2.893333
3.124000 4.340000
4.268000 4.900000
5.764000 5.040000
6.952000 5.506666
6.468000 5.973333
4.972000 6.066666
3.388000 5.786666
2.112000 4.760000
1.232000 3.080000
0.616000 1.633333
0.088000 0.746667
-0.528000 -0.560000
-0.704000 -1.960000
-0.748000 -3.593333
-0.748000 -4.386666
0.000000 -5.226666
0.968000 -6.393333
1.144000 -7.886666
1.584000 -9.660000
0.572000 -10.733333
-1.364000 -10.873333
-3.740000 -10.733333
-5.148000 -10.173333
-5.632000 -9.660000
-4.972000 -9.006666
-4.224000 -7.840000
-3.432000 -6.300000
-3.168000 -5.040000
-3.080000 -3.686667
-2.904000 -2.053333
-2.728000 0.233333
-3.520000 2.240000
-5.324000 4.946666
-7.480000 6.020000
-9.944000 6.440000
-13.376000 6.346666
-15.268000 5.460000
-16.236000 4.013333
-15.928000 3.500000
-15.004000 4.153333
13 11 12
11 13 42
11 42 10
41 42 13
14 41 13
43 10 42
10 43 44
10 44 9
45 9 44
9 45 46
9 46 8
47 8 46
47 7 8
48 7 47
7 48 49
7 49 50
7 50 6
51 6 50
51 5 6
52 5 51
5 52 53
5 53 4
54 4 53
54 3 4
55 2 3
55 3 54
58 1 2
58 2 55
58 55 57
55 56 57
58 0 1
59 61 0
59 0 58
59 60 61
14 40 41
15 39 40
15 40 14
15 38 39
16 37 38
16 38 15
16 36 37
17 36 16
17 35 36
18 35 17
18 34 35
19 34 18
19 33 34
20 33 19
20 32 33
21 31 32
21 32 20
21 30 31
22 30 21
22 29 30
23 29 22
29 23 24
29 24 25
29 25 28
26 28 25
26 27 28
13
-5.632000 7.700000
-4.048000 8.493333
-2.068000 8.726666
0.000000 8.446666
1.232000 7.746666
2.596000 7.326666
2.596000 7.933333
1.804000 8.820000
-0.088000 9.753333
-2.200000 9.940000
-4.004000 9.613333
-5.324000 9.100000
-6.248000 8.073333
1 12 0
2 7 11
1 2 11
12 1 11
7 2 3
7 3 6
8 10 11
8 11 7
8 9 10
4 6 3
4 5 6
33
2.112000 -1.353333
2.904000 -2.613333
4.972000 -3.733333
7.568000 -4.480000
10.076000 -4.573333
12.540000 -4.153333
14.124000 -2.940000
15.224000 -1.446667
15.928000 0.326667
16.104000 2.520000
16.104000 4.480000
15.840000 5.786666
14.652000 7.373333
12.628000 8.773333
10.428000 9.286666
8.624000 9.333333
6.688000 9.146666
5.676000 9.053333
5.192000 8.493333
5.412000 7.933333
7.304000 8.680000
10.516000 8.400000
13.024000 7.560000
14.872000 5.506666
15.532000 1.913333
14.388000 -1.166667
12.892000 -3.126667
11.660000 -3.640000
9.372000 -3.826666
6.644000 -3.126667
5.016000 -2.660000
3.432000 -1.493333
2.684000 -0.560000
20 18 19
20 13 17
18 20 17
13 20 21
13 21 22
13 22 12
14 16 17
14 17 13
14 15 16
23 11 12
23 12 22
23 10 11
24 9 10
24 10 23
24 8 9
25 8 24
25 7 8
26 6 7
26 7 25
6 26 27
27 28 5
6 27 5
3 5 28
3 28 2
3 4 5
29 2 28
2 29 30
2 30 1
31 1 30
31 0 1
31 32 0
17
8.316000 -1.820000
8.844000 -1.213333
8.096000 0.513333
7.788000 1.726667
8.228000 2.566667
9.284000 3.126667
10.956000 3.593333
11.880000 3.593333
13.200000 2.986667
13.244000 3.500000
12.012000 4.433333
10.384000 4.760000
7.964000 3.220000
6.952000 2.613333
6.512000 1.820000
6.864000 0.420000
7.876000 -0.840000
6 7 10
12 6 10
12 10 11
7 9 10
12 5 6
13 5 12
13 4 5
14 4 13
14 3 4
15 2 3
15 3 14
2 15 16
2 16 1
16 0 1
7 8 9
20
6.732000 -11.526666
7.172000 -10.220000
8.316000 -9.566666
10.032000 -8.960000
12.144000 -8.633333
14.080000 -9.286666
15.840000 -9.520000
17.423999 -9.520000
18.919999 -8.400000
19.359999 -6.440000
18.919999 -6.393333
18.479999 -7.420000
17.599999 -8.540000
15.708000 -8.820000
13.244000 -8.260000
10.912000 -7.840000
8.888000 -8.260000
7.128000 -9.193333
6.204000 -10.453333
5.676000 -11.573333
11 9 10
11 8 9
12 8 11
8 12 13
8 13 5
8 5 7
13 4 5
5 6 7
14 16 4
14 4 13
17 3 4
17 4 16
14 15 16
17 2 3
18 1 2
18 2 17
18 0 1
18 19 0
4
18.479999 11.339999
16.939999 10.453333
17.819999 8.586666
18.963999 9.006666
1 3 0
1 2 3
17
-14.564000 11.479999
-16.764000 10.313333
-18.435999 8.773333
-19.227999 6.346666
-19.667999 3.453333
-19.227999 3.920000
-18.875999 4.806666
-18.127999 7.046666
-17.379999 8.633333
-16.016000 9.566666
-14.740000 10.126666
-12.364000 9.566666
-10.428000 9.193333
-8.712000 9.333333
-9.724000 10.126666
-11.220000 10.360000
-13.640000 10.873333
13 11 12
14 10 11
14 11 13
2 9 10
10 14 1
2 10 1
15 1 14
1 15 16
1 16 0
2 8 9
3 7 8
3 8 2
3 6 7
4 5 6
4 6 3

3
30 -3.7 -9.3 1.1
20 -11.0 0.7 1.1
10 10.0  2.0 1.1

0.23 -18 -10
