4
8
-21.867999 13.299999
21.339999 13.533333
21.251999 -13.206666
-21.867999 -13.253333
-21.867999 -13.813333
21.779999 -13.719999
21.779999 13.859999
-21.955999 13.766666
6 7 1
6 1 2
2 3 5
6 2 5
7 0 1
3 4 5
4
-21.955999 -13.439999
-21.075999 -13.533333
-21.075999 13.393333
-21.955999 13.486666
0 2 3
0 1 2
34
-2.772000 8.726666
-6.644000 7.700000
-10.604000 4.900000
-13.024000 0.606667
-11.836000 -3.780000
-8.228000 -6.813333
-4.048000 -8.400000
1.144000 -8.913333
5.324000 -7.280000
8.536000 -3.593333
9.284000 -0.513333
8.404000 2.193333
5.852000 4.713333
3.124000 6.300000
1.672000 7.420000
0.968000 7.186666
3.564000 5.226666
6.292000 3.126667
8.052000 0.653333
8.448000 -1.586667
8.008000 -3.220000
6.072000 -5.320000
3.564000 -7.186666
-0.484000 -8.166666
-3.080000 -7.373333
-7.392000 -6.393333
-9.504000 -4.806666
-11.484000 -1.726667
-11.968000 -0.233333
-11.000000 2.380000
-9.328000 4.526666
-6.688000 6.300000
-4.092000 7.326666
-3.080000 7.653333
1 33 0
2 31 32
32 33 1
2 32 1
2 30 31
3 29 30
3 30 2
3 28 29
4 27 28
4 28 3
4 26 27
5 25 26
5 26 4
5 24 25
6 23 24
6 24 5
23 6 7
8 23 7
8 22 23
9 21 22
9 22 8
9 20 21
10 19 20
10 20 9
10 18 19
11 18 10
11 17 18
12 17 11
12 16 17
13 16 12
13 15 16
13 14 15
14
-6.468000 -2.006667
-5.368000 -0.046667
-3.520000 1.166667
-0.528000 1.306667
1.408000 0.373333
2.728000 -2.333333
3.432000 -3.406667
4.004000 -2.986667
3.696000 -1.540000
2.596000 0.933333
0.572000 2.380000
-2.904000 2.426667
-5.588000 1.166667
-7.172000 -1.960000
1 13 0
1 12 13
2 12 1
12 2 3
12 3 10
12 10 11
3 9 10
4 9 3
4 8 9
5 8 4
5 7 8
5 6 7

3
30 -2.0 -0.3 1.1
20 -6.0  3.9 1.1
10 16.0  7.3 1.1

0.23 -18 -10
